network_SNR redshift mass_1 mass_2 luminosity_distance theta_jn ra dec psi phase geocent_time a_1 a_2 err_mass_1 err_mass_2 err_luminosity_distance err_theta_jn err_dec err_ra err_psi err_phase err_geocent_time err_a_1 err_a_2 err_sky_location
458.8453613288985 1.394E-02 1.934E+00 1.504E+00 6.242E+01 1.755E+00 3.628E+00 5.411E-01 3.759E-01 5.817E+00 1.602E+09 9.859E-02 8.537E-02 1.326E-02 9.807E-03 1.408E+00 1.859E-03 2.299E-02 5.005E-02 3.216E-02 9.009E-03 4.889E-04 6.384E-02 8.523E-02 3.074E-03
52.99127897160514 9.333E-02 2.306E+00 1.307E+00 4.421E+02 2.188E+00 1.231E+00 -3.039E-01 1.887E+00 2.134E+00 1.594E+09 1.771E-02 4.986E-02 6.129E-02 3.107E-02 1.024E+02 2.388E-01 5.481E-02 4.307E-02 2.840E-01 6.052E-01 1.067E-03 2.563E-01 4.907E-01 7.075E-03
109.24352324402932 3.563E-02 2.083E+00 1.738E+00 1.621E+02 1.354E+00 2.270E-01 -2.332E-01 2.123E+00 5.833E+00 1.584E+09 2.537E-02 3.309E-02 5.858E-02 4.713E-02 7.390E+00 2.936E-02 2.185E-02 4.617E-02 3.431E-02 5.744E-02 7.859E-04 2.963E-01 3.642E-01 2.885E-03
98.56893244834606 6.703E-02 1.536E+00 1.458E+00 3.119E+02 1.013E+00 2.600E+00 1.007E+00 2.482E+00 3.746E+00 1.599E+09 8.727E-03 4.200E-03 1.553E-04 1.444E-04 3.196E+01 6.482E-02 9.120E-02 1.463E-01 2.146E-01 1.259E-01 1.182E-03 5.482E-01 5.841E-01 2.096E-02
85.39917139960767 8.097E-02 2.339E+00 1.696E+00 3.804E+02 1.542E+00 1.068E+00 2.775E-01 7.578E-01 1.870E+00 1.607E+09 6.357E-02 6.672E-02 7.481E-02 5.085E-02 3.179E+01 5.865E-03 1.855E-01 2.453E-01 1.184E-01 5.298E-02 1.584E-03 2.741E-01 3.947E-01 1.325E-01
196.82584245840974 2.801E-02 1.705E+00 1.343E+00 1.268E+02 1.476E+00 3.948E+00 1.469E-01 2.975E+00 5.627E+00 1.584E+09 8.009E-02 5.785E-02 2.442E-02 1.833E-02 6.146E+00 2.878E-03 9.339E-02 4.908E-02 2.441E-02 1.920E-02 1.042E-03 1.582E-01 2.089E-01 1.354E-02
67.23801416124935 6.033E-02 1.883E+00 1.586E+00 2.794E+02 1.771E+00 3.532E+00 3.118E-01 4.736E-01 3.099E+00 1.589E+09 6.641E-02 4.309E-02 1.747E-04 1.385E-04 4.254E+01 1.734E-02 1.204E-01 1.410E-01 1.402E-02 8.941E-02 1.831E-03 2.629E-01 3.247E-01 3.626E-02
142.36922020685387 5.138E-02 2.141E+00 1.527E+00 2.365E+02 1.832E+00 2.196E+00 9.080E-01 1.282E+00 5.395E+00 1.599E+09 5.327E-03 1.415E-02 3.522E-02 2.348E-02 1.189E+01 6.529E-03 1.249E-01 1.449E-01 1.203E-01 3.297E-02 1.015E-03 1.635E-01 2.402E-01 3.499E-02
88.29418048050546 8.950E-02 2.202E+00 2.182E+00 4.229E+02 1.247E+00 1.335E+00 1.446E+00 3.055E+00 3.518E+00 1.605E+09 8.210E-02 3.795E-02 1.633E-04 1.605E-04 1.239E+02 4.162E-02 4.711E-01 1.204E+00 1.128E+00 9.104E-02 6.591E-03 5.632E-01 5.693E-01 2.171E-01
97.24511117351538 8.570E-02 2.187E+00 1.727E+00 4.039E+02 2.085E+00 2.473E+00 1.512E+00 3.048E+00 5.164E+00 1.592E+09 6.918E-02 1.147E-02 7.592E-02 5.720E-02 9.150E+01 6.639E-02 1.315E-01 3.110E+00 3.086E+00 1.210E-01 2.628E-03 3.309E-01 4.351E-01 7.289E-02
228.46527238002344 7.155E-02 2.139E+00 1.533E+00 3.340E+02 2.953E-01 5.058E+00 1.201E+00 2.543E+00 5.868E-01 1.598E+09 2.432E-02 1.097E-02 2.936E-02 1.969E-02 2.283E+01 1.510E-01 9.656E-02 1.880E-01 3.443E+00 6.729E+00 1.167E-03 1.297E-01 1.895E-01 1.777E-02
456.75914759920965 3.505E-02 2.134E+00 1.226E+00 1.594E+02 2.759E+00 3.051E+00 -8.574E-01 1.141E+00 5.403E+00 1.587E+09 7.653E-02 4.136E-02 8.426E-03 4.342E-03 4.158E+00 4.730E-02 4.565E-02 5.704E-02 4.119E-01 8.081E-01 3.386E-04 3.533E-02 6.686E-02 4.823E-03
159.41287440473127 3.931E-02 1.372E+00 1.134E+00 1.794E+02 2.252E+00 1.587E+00 -1.063E+00 2.087E-01 1.297E+00 1.607E+09 1.225E-02 3.870E-02 4.909E-05 3.833E-05 1.412E+01 5.123E-02 3.661E-02 7.489E-02 3.556E-02 1.328E-01 6.172E-04 1.107E-01 1.398E-01 4.189E-03
175.59791745104394 7.445E-02 2.229E+00 1.299E+00 3.482E+02 2.520E+00 5.377E+00 4.231E-01 2.564E+00 2.401E+00 1.586E+09 2.223E-02 7.302E-02 2.169E-02 1.136E-02 2.168E+01 8.452E-02 2.094E-01 7.834E-02 4.002E-01 6.550E-01 1.340E-03 9.043E-02 1.671E-01 4.160E-02
128.57153376288224 5.525E-02 2.305E+00 1.654E+00 2.550E+02 1.614E+00 5.962E+00 -5.495E-01 2.091E-01 5.468E+00 1.593E+09 4.707E-02 3.575E-02 4.566E-02 3.066E-02 1.201E+01 3.940E-03 1.186E-01 1.434E-01 8.877E-02 3.458E-02 1.012E-03 1.743E-01 2.542E-01 4.556E-02
172.33004321318427 7.616E-02 2.213E+00 1.111E+00 3.566E+02 3.596E-01 5.159E+00 1.872E-01 2.847E+00 5.396E+00 1.608E+09 1.116E-02 9.058E-02 1.600E-02 7.021E-03 1.983E+01 1.048E-01 5.395E-02 5.670E-02 1.876E+00 3.729E+00 7.887E-04 6.687E-02 1.469E-01 9.134E-03
99.610247135867 4.956E-02 1.885E+00 1.876E+00 2.278E+02 9.641E-01 2.065E+00 -8.564E-01 2.096E+00 7.550E-01 1.603E+09 4.237E-02 5.855E-02 1.618E-04 1.604E-04 2.699E+01 1.624E-01 1.034E-02 1.260E-02 2.444E-01 4.247E-01 2.159E-04 7.031E-01 7.075E-01 2.680E-04
111.7002224644959 8.894E-02 2.245E+00 1.925E+00 4.201E+02 6.425E-01 6.175E+00 -2.221E-01 3.664E-01 3.738E+00 1.606E+09 8.957E-04 7.221E-02 1.719E-04 1.397E-04 1.218E+02 4.220E-01 7.013E-02 5.656E-02 8.280E-01 1.626E+00 1.191E-03 1.774E-01 2.144E-01 1.214E-02
21.292621079224467 9.354E-02 1.394E+00 1.366E+00 4.432E+02 1.451E+00 2.502E+00 2.343E-01 3.148E-01 5.196E-01 1.580E+09 9.903E-02 9.668E-02 1.954E-04 1.886E-04 6.992E+01 8.021E-02 1.829E-02 6.884E-02 7.438E-02 1.894E-01 1.009E-03 2.399E+00 2.462E+00 3.551E-03
501.27820643399025 1.694E-02 1.835E+00 1.382E+00 7.602E+01 2.665E+00 4.312E+00 -7.764E-01 2.922E+00 4.572E+00 1.598E+09 1.606E-02 1.118E-02 1.235E-05 8.476E-06 3.409E+00 8.361E-02 8.591E-03 8.148E-03 5.516E-01 1.126E+00 7.868E-05 2.095E-02 2.963E-02 1.174E-04
95.01535847705065 3.339E-02 2.117E+00 1.154E+00 1.517E+02 1.407E+00 4.531E+00 2.921E-01 6.321E-01 3.461E+00 1.580E+09 6.512E-02 3.863E-02 2.479E-02 1.199E-02 3.980E+00 3.308E-02 1.687E-02 1.033E-02 3.293E-02 5.485E-02 4.089E-04 1.234E-01 2.499E-01 3.594E-04
57.637674437038676 5.424E-02 1.434E+00 1.169E+00 2.501E+02 2.057E+00 4.837E+00 5.159E-01 5.356E-01 5.274E+00 1.608E+09 3.090E-02 2.057E-02 9.631E-05 7.378E-05 3.890E+01 9.770E-02 2.260E-02 3.075E-02 1.045E-01 2.171E-01 5.103E-04 2.662E-01 3.417E-01 1.892E-03
159.3585525224446 4.975E-02 1.554E+00 1.205E+00 2.287E+02 7.615E-01 1.456E+00 1.470E+00 1.830E+00 3.701E+00 1.601E+09 5.088E-03 2.559E-02 4.369E-05 3.130E-05 1.209E+01 8.879E-02 5.132E-02 4.797E-01 4.312E-01 3.130E-01 9.086E-04 8.111E-02 1.106E-01 7.319E-03
126.03681540998078 9.790E-02 2.296E+00 1.913E+00 4.652E+02 2.956E+00 4.908E+00 -1.051E+00 5.557E-02 6.205E+00 1.592E+09 3.064E-02 9.200E-02 1.011E-03 8.109E-04 5.504E+01 4.686E-01 1.840E-02 1.370E-01 1.236E+02 2.475E+02 1.184E-03 1.279E-01 1.601E-01 3.264E-03
182.12195892308594 8.161E-02 2.421E+00 1.199E+00 3.836E+02 5.101E-01 5.634E+00 -1.154E+00 5.034E-01 3.516E+00 1.580E+09 5.174E-02 6.253E-02 1.852E-02 8.003E-03 3.968E+01 9.205E-02 1.530E-01 2.320E-01 4.011E-01 6.271E-01 1.507E-03 6.223E-02 1.388E-01 3.789E-02
70.46735553928238 7.787E-02 1.749E+00 1.250E+00 3.650E+02 7.513E-01 5.424E+00 -1.368E-01 2.421E+00 4.901E+00 1.578E+09 4.203E-02 5.825E-02 6.486E-05 4.150E-05 7.816E+01 3.173E-01 3.016E-02 2.961E-02 5.260E-01 9.888E-01 5.876E-04 1.227E-01 1.849E-01 2.759E-03
212.97589510985006 2.957E-02 1.674E+00 1.564E+00 1.339E+02 1.808E+00 5.090E+00 8.796E-01 2.618E+00 5.625E+00 1.600E+09 3.067E-02 5.597E-02 7.149E-05 6.488E-05 4.743E+00 4.163E-03 8.647E-02 8.185E-02 7.263E-02 1.254E-02 6.179E-04 1.738E-01 1.889E-01 1.365E-02
91.61400186229325 9.760E-02 2.106E+00 1.567E+00 4.637E+02 1.907E+00 8.014E-01 7.924E-01 4.802E-01 5.562E+00 1.605E+09 1.355E-03 9.794E-02 6.724E-02 4.716E-02 1.554E+01 1.080E-02 2.864E-01 2.664E-01 1.845E-01 5.422E-02 6.467E-04 3.108E-01 4.314E-01 1.663E-01
339.24975377780095 2.484E-02 2.275E+00 1.869E+00 1.121E+02 2.132E+00 5.134E+00 -7.172E-01 2.203E+00 3.938E+00 1.596E+09 8.875E-02 2.094E-02 4.004E-05 3.060E-05 2.657E+00 2.641E-02 3.283E-02 3.839E-02 7.329E-02 6.766E-02 4.758E-04 4.402E-02 5.607E-02 2.912E-03
125.63805096977218 2.407E-02 1.691E+00 1.305E+00 1.086E+02 1.612E+00 5.367E+00 -2.692E-01 2.939E+00 6.031E+00 1.587E+09 5.101E-02 5.063E-02 5.325E-05 3.780E-05 6.918E+00 3.516E-03 6.695E-02 5.294E-02 8.636E-03 2.334E-02 8.247E-04 9.425E-02 1.294E-01 6.270E-03
152.93179108629735 6.444E-02 2.344E+00 2.081E+00 2.993E+02 1.118E+00 4.547E+00 6.336E-01 1.754E-01 1.010E+00 1.594E+09 2.646E-02 3.319E-02 1.639E-04 1.373E-04 2.384E+01 3.354E-02 2.760E-01 1.985E-01 1.800E-01 8.155E-02 1.280E-03 1.745E-01 2.022E-01 8.779E-02
72.67962943041577 3.820E-02 1.624E+00 1.350E+00 1.742E+02 1.755E+00 5.715E+00 -8.174E-01 1.646E+00 4.887E+00 1.596E+09 3.592E-02 7.671E-02 9.086E-05 7.098E-05 8.388E+00 4.193E-02 1.668E-02 1.246E-02 4.074E-02 6.781E-02 3.506E-04 2.250E-01 2.820E-01 3.526E-04
56.19097083190625 6.654E-02 1.308E+00 1.144E+00 3.095E+02 2.011E+00 3.025E+00 1.611E-01 2.154E-01 4.746E+00 1.600E+09 7.533E-02 9.760E-02 1.169E-04 9.775E-05 3.284E+01 6.389E-02 5.610E-02 4.872E-02 5.825E-02 1.339E-01 9.016E-04 4.236E-01 4.987E-01 8.144E-03
344.9032648860464 2.073E-02 2.410E+00 1.479E+00 9.332E+01 1.417E+00 5.096E+00 5.246E-01 1.979E+00 4.945E-01 1.595E+09 6.514E-03 3.069E-02 1.448E-02 8.067E-03 2.918E+00 1.892E-03 3.984E-02 8.080E-02 4.850E-02 1.539E-02 6.535E-04 4.968E-02 8.600E-02 8.577E-03
90.42915756852368 8.847E-02 2.491E+00 2.244E+00 4.177E+02 1.080E+00 1.675E+00 1.423E+00 1.981E+00 2.607E+00 1.597E+09 3.327E-03 8.806E-02 1.307E-01 1.153E-01 1.083E+02 9.728E-02 1.405E-01 8.992E-01 8.539E-01 2.064E-01 2.386E-03 5.200E-01 5.815E-01 5.818E-02
39.616201828057974 9.349E-02 2.005E+00 1.803E+00 4.429E+02 1.946E+00 6.200E+00 4.729E-01 2.648E+00 4.906E+00 1.579E+09 6.985E-03 3.505E-03 3.700E-04 3.204E-04 8.013E+01 1.576E-01 1.164E-02 1.956E-02 1.421E-01 2.775E-01 3.797E-04 6.761E-01 7.698E-01 6.295E-04
109.61184133050745 3.512E-02 1.959E+00 1.331E+00 1.597E+02 1.496E+00 3.322E+00 -2.473E-03 6.885E-03 6.421E-02 1.579E+09 6.810E-03 4.127E-02 3.420E-02 2.151E-02 1.363E+01 4.830E-03 1.175E-01 6.915E-02 3.907E-02 4.346E-02 1.190E-03 1.890E-01 2.939E-01 1.774E-02
266.20620945386094 6.653E-02 2.088E+00 1.952E+00 3.095E+02 2.467E-01 2.432E-01 -1.298E+00 1.525E+00 2.107E+00 1.600E+09 8.446E-02 3.385E-02 1.665E-04 1.513E-04 4.810E+01 4.889E-01 1.160E-01 2.496E-01 9.810E+00 1.996E+01 1.540E-03 2.032E-01 2.209E-01 1.728E-02
101.7122701498827 4.642E-02 1.193E+00 1.116E+00 2.129E+02 2.434E+00 1.396E+00 -8.559E-02 1.825E+00 5.749E+00 1.581E+09 8.765E-03 9.668E-02 9.594E-05 8.772E-05 3.629E+01 2.132E-01 1.562E-02 1.735E-02 3.248E-01 6.674E-01 3.095E-04 4.655E-01 5.051E-01 8.346E-04
84.51835742088547 8.483E-02 2.088E+00 1.445E+00 3.995E+02 1.275E+00 1.097E+00 6.751E-01 6.527E-01 4.137E+00 1.605E+09 1.525E-02 8.901E-02 6.035E-02 3.879E-02 4.244E+01 1.212E-02 1.913E-01 2.324E-01 1.624E-01 5.937E-02 2.099E-03 2.703E-01 4.086E-01 1.054E-01
308.69074119454075 2.543E-02 2.385E+00 1.847E+00 1.149E+02 3.423E-01 1.905E+00 -7.874E-01 6.785E-01 2.030E+00 1.605E+09 8.945E-02 7.663E-02 3.161E-02 2.325E-02 6.233E+00 1.404E-01 2.006E-03 2.338E-03 6.625E+00 1.324E+01 7.866E-05 1.169E-01 1.564E-01 1.036E-05
568.9407595256002 1.324E-02 2.301E+00 1.799E+00 5.926E+01 1.351E+00 3.574E+00 1.280E+00 3.067E+00 5.940E+00 1.599E+09 7.747E-02 3.812E-02 1.278E-02 9.513E-03 1.419E+00 1.461E-03 4.306E-02 8.118E-02 7.191E-02 8.196E-03 4.312E-04 4.899E-02 6.500E-02 3.128E-03
180.39186421727493 2.747E-02 1.955E+00 1.161E+00 1.243E+02 1.232E+00 5.895E+00 -4.588E-01 2.649E+00 3.958E+00 1.586E+09 7.369E-02 7.275E-02 1.517E-02 8.129E-03 4.887E+00 1.832E-02 7.725E-02 3.307E-02 3.353E-02 5.222E-02 7.222E-04 8.415E-02 1.541E-01 6.744E-03
98.97076276484911 7.303E-02 2.036E+00 1.633E+00 3.412E+02 2.081E+00 6.190E+00 6.036E-01 1.471E+00 1.717E+00 1.579E+09 8.873E-02 3.673E-02 7.663E-02 5.879E-02 4.215E+01 5.005E-02 9.292E-02 1.101E-01 4.667E-02 1.277E-01 1.353E-03 3.488E-01 4.507E-01 2.548E-02
60.56164025554619 5.184E-02 1.458E+00 1.424E+00 2.387E+02 1.559E+00 4.416E+00 1.114E+00 2.077E+00 5.958E+00 1.586E+09 1.130E-02 3.820E-02 1.055E-04 1.017E-04 1.813E+01 1.019E-02 4.658E-02 3.329E-01 3.534E-01 3.198E-02 2.137E-03 7.675E-01 7.902E-01 2.147E-02
88.60530795295658 6.274E-02 2.265E+00 1.183E+00 2.910E+02 1.613E+00 2.149E+00 4.971E-01 1.705E+00 4.218E+00 1.599E+09 9.528E-02 3.078E-02 3.705E-02 1.704E-02 2.719E+01 5.763E-03 1.384E-01 2.720E-01 1.825E-01 5.680E-02 1.916E-03 1.351E-01 2.860E-01 8.570E-02
122.00606702919227 6.240E-02 2.169E+00 1.664E+00 2.894E+02 9.249E-01 2.106E-01 1.751E-02 2.254E+00 1.934E+00 1.608E+09 3.263E-02 2.110E-02 5.540E-02 4.032E-02 1.191E+01 9.329E-02 5.043E-02 5.063E-02 1.501E-01 2.466E-01 9.306E-04 2.517E-01 3.406E-01 8.019E-03
56.40009325576238 7.708E-02 1.523E+00 1.323E+00 3.612E+02 2.364E+00 6.003E+00 1.300E-02 4.120E-03 4.969E+00 1.596E+09 8.679E-03 8.216E-02 1.395E-04 1.156E-04 1.100E+02 3.136E-01 1.411E-02 1.423E-02 5.223E-01 1.106E+00 2.953E-04 3.955E-01 4.699E-01 6.169E-04
134.35071652246913 9.684E-02 1.886E+00 1.501E+00 4.598E+02 7.666E-01 3.354E+00 -7.350E-01 7.499E-01 4.608E+00 1.584E+09 1.058E-02 2.852E-02 1.015E-04 7.446E-05 2.935E+01 4.983E-02 1.941E-01 1.783E-01 1.480E-01 1.458E-01 8.362E-04 1.145E-01 1.516E-01 7.206E-02
48.31302090824969 6.801E-02 1.792E+00 1.245E+00 3.166E+02 1.907E+00 1.903E+00 7.602E-01 4.092E-01 9.343E-01 1.588E+09 6.633E-02 9.736E-02 6.168E-02 3.985E-02 3.836E+01 7.099E-02 5.977E-02 5.046E-02 9.614E-02 1.539E-01 9.682E-04 4.278E-01 6.528E-01 6.744E-03
